image_width: 640
image_height: 480
camera_name: camera
camera_matrix:
  rows: 3
  cols: 3
  data: [1138.042594, 0.000000, 314.573090, 0.000000, 1152.150891, 273.959896, 0.000000, 0.000000, 1.000000]
distortion_model: plumb_bob
distortion_coefficients:
  rows: 1
  cols: 5
  data: [-2.663941, 5.967979, -0.053529, 0.031916, 0.000000]
rectification_matrix:
  rows: 3
  cols: 3
  data: [1.000000, 0.000000, 0.000000, 0.000000, 1.000000, 0.000000, 0.000000, 0.000000, 1.000000]
projection_matrix:
  rows: 3
  cols: 4
  data: [843.927124, 0.000000, 334.854875, 0.000000, 0.000000, 1006.633789, 271.626884, 0.000000, 0.000000, 0.000000, 1.000000, 0.000000]
